[
{
	"class": "com.monstrous.frightnight.creatures.Car",
	"id": 0,
	"name": "car",
	"position": {
		"z": -3.6626658
	},
	"forward": {
		"z": 1
	},
	"transform": {
		"val": [ 1, 0, 0, 0, 0, 1, 0, 0, 0, 0, 1, 0, 0, 0, -3.6626658, 1 ]
	},
	"targetDir": {
		"z": 1
	},
	"turnStart": {
		"z": 1
	},
	"speed": 16,
	"dead": false,
	"turnFraction": 1.1262801,
	"mode": 0
},
{
	"class": "com.monstrous.frightnight.creatures.Player",
	"id": 1,
	"name": "Player",
	"position": {
		"x": -85.34815,
		"z": 28.575632
	},
	"forward": {
		"x": 0.20545514,
		"y": 0.04925425,
		"z": 0.97746056
	},
	"transform": {
		"val": [ 0.62911725, 0, 0.77731043, 0, 0, 1, 0, 0, -0.77731043, 0, 0.62911725, 0, -51.34286, 0, 61.973606, 1 ]
	},
	"targetDir": {
		"x": -0.34711587,
		"z": -0.9378223
	},
	"turnStart": {
		"z": 1
	},
	"speed": 0,
	"dead": false,
	"turnFraction": 0,
	"mode": 0
},
{
	"class": "com.monstrous.frightnight.creatures.Wolf",
	"id": 2,
	"name": "hellhound",
	"position": {
		"x": -18.001587,
		"z": 13.660243
	},
	"forward": {
		"x": -0.44187906,
		"z": 0.8970747
	},
	"transform": {
		"val": [ 0.89707476, 0, 0.4418788, 0, 0, 1, 0, 0, -0.4418788, 0, 0.89707476, 0, -18.001587, 0, 13.660243, 1 ]
	},
	"targetDir": {
		"x": -0.49321765,
		"z": 0.869906
	},
	"turnStart": {
		"x": -0.42857328,
		"z": 0.90350705
	},
	"speed": 10,
	"dead": false,
	"turnFraction": 0.202813,
	"mode": 0,
	"targetId": 10
},
{
	"class": "com.monstrous.frightnight.creatures.Wolf",
	"id": 3,
	"name": "hellhound",
	"position": {
		"x": -80.90043,
		"z": 41.597614
	},
	"forward": {
		"x": -0.3187894,
		"z": -0.9478167
	},
	"transform": {
		"val": [ -0.9478247, 0, 0.31879216, 0, 0, 1, 0, 0, -0.31879216, 0, -0.9478247, 0, -80.90043, 0, 41.597614, 1 ]
	},
	"targetDir": {
		"x": -0.32319164,
		"z": -0.9463335
	},
	"turnStart": {
		"x": -0.31833607,
		"z": -0.94796944
	},
	"speed": 4,
	"dead": false,
	"turnFraction": 0.0933608,
	"mode": 2,
	"targetId": 1
},
{
	"class": "com.monstrous.frightnight.creatures.Wolf",
	"id": 4,
	"name": "hellhound",
	"position": {
		"x": -81.82555,
		"z": 41.97197
	},
	"forward": {
		"x": -0.2540734,
		"z": -0.96718454
	},
	"transform": {
		"val": [ -0.9671849, 0, 0.25407353, 0, 0, 1, 0, 0, -0.25407353, 0, -0.9671849, 0, -81.82555, 0, 41.97197, 1 ]
	},
	"targetDir": {
		"x": -0.25430626,
		"z": -0.96712375
	},
	"turnStart": {
		"x": -0.25404945,
		"z": -0.9671908
	},
	"speed": 4,
	"dead": false,
	"turnFraction": 0.0933608,
	"mode": 2,
	"targetId": 1
},
{
	"class": "com.monstrous.frightnight.creatures.Wolf",
	"id": 5,
	"name": "hellhound",
	"position": {
		"x": -3.2697077,
		"z": 99.02008
	},
	"forward": {
		"z": 1
	},
	"transform": {
		"val": [ 1, 0, 0, 0, 0, 1, 0, 0, 0, 0, 1, 0, -3.2697077, 0, 99.02008, 1 ]
	},
	"targetDir": {
		"z": 1
	},
	"turnStart": {
		"z": 1
	},
	"speed": 0,
	"dead": false,
	"turnFraction": 0,
	"mode": 0,
	"targetId": -1
},
{
	"class": "com.monstrous.frightnight.creatures.Zombie",
	"id": 6,
	"name": "zombie",
	"position": {
		"x": -74.174446,
		"z": 105.83578
	},
	"forward": {
		"x": 0.736084,
		"z": -0.67689025
	},
	"transform": {
		"val": [ -0.67689013, 0, -0.7360841, 0, 0, 1, 0, 0, 0.7360841, 0, -0.67689013, 0, -74.174446, 0, 105.83578, 1 ]
	},
	"targetDir": {
		"x": 0.743258,
		"z": -0.669005
	},
	"turnStart": {
		"x": 0.99985063,
		"z": -0.01728332
	},
	"speed": 0.8,
	"dead": true,
	"turnFraction": 1.0148976,
	"mode": 0,
	"wanderTimer": 6
},
{
	"class": "com.monstrous.frightnight.creatures.Zombie",
	"id": 7,
	"name": "zombie",
	"position": {
		"x": -76.175606,
		"z": 59.89059
	},
	"forward": {
		"x": -0.39315164,
		"z": -0.91938376
	},
	"transform": {
		"val": [ -0.9194596, 0, 0.39318442, 0, 0, 1, 0, 0, -0.39318442, 0, -0.9194596, 0, -76.175606, 0, 59.89059, 1 ]
	},
	"targetDir": {
		"x": -0.37938383,
		"z": -0.9252394
	},
	"turnStart": {
		"x": -0.39347935,
		"z": -0.9192444
	},
	"speed": 0.8,
	"dead": true,
	"turnFraction": 0.0232491,
	"mode": 1,
	"wanderTimer": 7
},
{
	"class": "com.monstrous.frightnight.creatures.Zombie",
	"id": 8,
	"name": "zombie",
	"position": {
		"x": -71.74245,
		"z": 124.07892
	},
	"forward": {
		"x": -0.02452722,
		"z": 0.99969494
	},
	"transform": {
		"val": [ 0.9996992, 0, 0.024527298, 0, 0, 1, 0, 0, -0.024527298, 0, 0.9996992, 0, -71.74245, 0, 124.07892, 1 ]
	},
	"targetDir": {
		"x": -0.023119595,
		"z": 0.9997328
	},
	"turnStart": {
		"x": -0.024560304,
		"z": 0.99969405
	},
	"speed": 0.8,
	"dead": true,
	"turnFraction": 0.0229642,
	"mode": 1,
	"wanderTimer": 8
},
{
	"class": "com.monstrous.frightnight.creatures.Zombie",
	"id": 9,
	"name": "zombie",
	"position": {
		"x": -107.87989,
		"z": 57.25053
	},
	"forward": {
		"x": -0.39924318,
		"z": -0.9168451
	},
	"transform": {
		"val": [ -0.91684496, 0, 0.39924327, 0, 0, 1, 0, 0, -0.39924327, 0, -0.91684496, 0, -107.87989, 0, 57.25053, 1 ]
	},
	"targetDir": {
		"x": -0.36050037,
		"z": -0.9327591
	},
	"turnStart": {
		"x": -0.7532086,
		"z": 0.6577819
	},
	"speed": 0.8,
	"dead": false,
	"turnFraction": 0.97818226,
	"mode": 0,
	"wanderTimer": 9
},
{
	"class": "com.monstrous.frightnight.creatures.Zombie",
	"id": 10,
	"name": "zombie",
	"position": {
		"x": -18.446093,
		"z": 14.42036
	},
	"forward": {
		"x": -0.92446536,
		"z": -0.38126636
	},
	"transform": {
		"val": [ -0.38126636, 0, 0.92446524, 0, 0, 1, 0, 0, -0.92446524, 0, -0.38126636, 0, -18.446093, 0, 14.42036, 1 ]
	},
	"targetDir": {
		"x": -0.84710205,
		"z": -0.53143036
	},
	"turnStart": {
		"x": -0.97777545,
		"z": -0.20965505
	},
	"speed": 0.8,
	"dead": true,
	"turnFraction": 0.5155002,
	"mode": 0,
	"wanderTimer": 10
}
]